; multiplayer map ms200 - 200x200 land FFA (2-4 players)
; procedurally generated, see tools/gen_ms500.py
title 5012 5009 3500
objective 145 88

square_width 12
nb_columns 200
nb_lines 200

west_east_paths 1,1 2,1 3,1 4,1 5,1 6,1 7,1 8,1 9,1 10,1 11,1 12,1 13,1 14,1 15,1 16,1 17,1 18,1 19,1 20,1 21,1 22,1 23,1 24,1 25,1 26,1 27,1 28,1 29,1 30,1 31,1 32,1 33,1 34,1 35,1 36,1 37,1 38,1 39,1 40,1
west_east_paths 41,1 42,1 43,1 44,1 45,1 46,1 47,1 48,1 49,1 50,1 51,1 52,1 53,1 54,1 55,1 56,1 57,1 58,1 59,1 60,1 61,1 62,1 63,1 64,1 65,1 66,1 67,1 68,1 69,1 70,1 71,1 72,1 73,1 74,1 75,1 76,1 77,1 78,1 79,1 80,1
west_east_paths 81,1 82,1 83,1 84,1 85,1 86,1 87,1 88,1 89,1 90,1 91,1 92,1 93,1 94,1 95,1 96,1 97,1 98,1 99,1 100,1 101,1 102,1 103,1 104,1 105,1 106,1 107,1 108,1 109,1 110,1 111,1 112,1 113,1 114,1 115,1 116,1 117,1 118,1 119,1 120,1
west_east_paths 121,1 122,1 123,1 124,1 125,1 126,1 127,1 128,1 129,1 130,1 131,1 132,1 133,1 134,1 135,1 136,1 137,1 138,1 139,1 140,1 141,1 142,1 143,1 144,1 145,1 146,1 147,1 148,1 149,1 150,1 151,1 152,1 153,1 154,1 155,1 156,1 157,1 158,1 159,1 160,1
west_east_paths 161,1 162,1 163,1 164,1 165,1 166,1 167,1 168,1 169,1 170,1 171,1 172,1 173,1 174,1 175,1 176,1 177,1 178,1 179,1 180,1 181,1 182,1 183,1 184,1 185,1 186,1 187,1 188,1 189,1 190,1 191,1 192,1 193,1 194,1 195,1 196,1 197,1 198,1 199,1 200,1
west_east_paths 11,12 12,12 13,12 16,12 17,12 18,12 19,12 23,12 24,12 28,12
west_east_paths 6,14 7,14 8,14 9,14 10,14 11,14 14,14 17,14 18,14 19,14 20,14 21,14 22,14 23,14 25,14 26,14 34,14 35,14 37,14 38,14
west_east_paths 124,16 125,16 126,16 129,16 133,16 135,16 138,16 139,16 142,16 145,16 146,16 148,16 149,16 151,16 152,16 155,16 156,16 158,16 160,16 161,16 162,16 164,16 165,16 169,16
west_east_paths 129,19 130,19 133,19 134,19 135,19 136,19 138,19 139,19 140,19 142,19 148,19 149,19 150,19 151,19 152,19 153,19 154,19 157,19 158,19 159,19 167,19 168,19 169,19 170,19 171,19 173,19 177,19 182,19 183,19
west_east_paths 1,20 2,20 3,20 4,20 5,20 6,20 7,20 8,20 9,20 10,20 11,20 12,20 13,20 14,20 15,20 16,20 17,20 18,20 19,20 20,20 21,20 22,20 23,20 24,20 25,20 26,20 27,20 28,20 29,20 30,20 31,20 32,20 33,20 34,20 35,20 36,20 37,20 38,20 39,20 40,20
west_east_paths 41,20 42,20 43,20 44,20 45,20 46,20 47,20 48,20 49,20 50,20 51,20 52,20 53,20 54,20 55,20 56,20 57,20 58,20 59,20 60,20 61,20 62,20 63,20 64,20 65,20 66,20 67,20 68,20 69,20 70,20 71,20 72,20 73,20 74,20 75,20 76,20 77,20 78,20 79,20 80,20
west_east_paths 81,20 82,20 83,20 84,20 85,20 86,20 87,20 88,20 89,20 90,20 91,20 92,20 93,20 94,20 95,20 96,20 97,20 98,20 99,20 100,20 101,20 102,20 103,20 104,20 105,20 106,20 107,20 108,20 109,20 110,20 111,20 112,20 113,20 114,20 115,20 116,20 117,20 118,20 119,20 120,20
west_east_paths 121,20 122,20 123,20 124,20 125,20 126,20 127,20 128,20 129,20 130,20 131,20 132,20 133,20 134,20 135,20 136,20 137,20 138,20 139,20 140,20 141,20 142,20 143,20 144,20 145,20 146,20 147,20 148,20 149,20 150,20 151,20 152,20 153,20 154,20 155,20 156,20 157,20 158,20 159,20 160,20
west_east_paths 161,20 162,20 163,20 164,20 165,20 166,20 167,20 168,20 169,20 170,20 171,20 172,20 173,20 174,20 175,20 176,20 177,20 178,20 179,20 180,20 181,20 182,20 183,20 184,20 185,20 186,20 187,20 188,20 189,20 190,20 191,20 192,20 193,20 194,20 195,20 196,20 197,20 198,20 199,20 200,20
west_east_paths 69,21 70,21 74,21 75,21 76,21 77,21 79,21 84,21 87,21 88,21 91,21 92,21 95,21 96,21 97,21 100,21 101,21 104,21 105,21 108,21 109,21 111,21 112,21 113,21 114,21 116,21 121,21 122,21 123,21
west_east_paths 38,24 39,24 40,24 41,24
west_east_paths 2,30 3,30 5,30
west_east_paths 1,32 4,32 5,32 6,32 8,32 10,32 12,32 13,32 16,32
west_east_paths 1,40 2,40 3,40 4,40 5,40 6,40 7,40 8,40 9,40 10,40 11,40 12,40 13,40 14,40 15,40 16,40 17,40 18,40 19,40 20,40 21,40 22,40 23,40 24,40 25,40 26,40 27,40 28,40 29,40 30,40 31,40 32,40 33,40 34,40 35,40 36,40 37,40 38,40 39,40 40,40
west_east_paths 41,40 42,40 43,40 44,40 45,40 46,40 47,40 48,40 49,40 50,40 51,40 52,40 53,40 54,40 55,40 56,40 57,40 58,40 59,40 60,40 61,40 62,40 63,40 64,40 65,40 66,40 67,40 68,40 69,40 70,40 71,40 72,40 73,40 74,40 75,40 76,40 77,40 78,40 79,40 80,40
west_east_paths 81,40 82,40 83,40 84,40 85,40 86,40 87,40 88,40 89,40 90,40 91,40 92,40 93,40 94,40 95,40 96,40 97,40 98,40 99,40 100,40 101,40 102,40 103,40 104,40 105,40 106,40 107,40 108,40 109,40 110,40 111,40 112,40 113,40 114,40 115,40 116,40 117,40 118,40 119,40 120,40
west_east_paths 121,40 122,40 123,40 124,40 125,40 126,40 127,40 128,40 129,40 130,40 131,40 132,40 133,40 134,40 135,40 136,40 137,40 138,40 139,40 140,40 141,40 142,40 143,40 144,40 145,40 146,40 147,40 148,40 149,40 150,40 151,40 152,40 153,40 154,40 155,40 156,40 157,40 158,40 159,40 160,40
west_east_paths 161,40 162,40 163,40 164,40 165,40 166,40 167,40 168,40 169,40 170,40 171,40 172,40 173,40 174,40 175,40 176,40 177,40 178,40 179,40 180,40 181,40 182,40 183,40 184,40 185,40 186,40 187,40 188,40 189,40 190,40 191,40 192,40 193,40 194,40 195,40 196,40 197,40 198,40 199,40 200,40
west_east_paths 43,47 44,47 45,47 48,47 49,47 51,47 53,47 55,47 56,47 57,47 58,47 62,47 64,47 66,47 69,47 70,47 74,47 75,47
west_east_paths 22,48 24,48 25,48 26,48 28,48 29,48 31,48 32,48 34,48 36,48 40,48 42,48 43,48 44,48 45,48 47,48 48,48 49,48 50,48 51,48 53,48 54,48 55,48 57,48 58,48 59,48 61,48 62,48 63,48 65,48 66,48 67,48 69,48
west_east_paths 173,49 174,49 176,49 177,49 178,49 182,49 184,49 185,49 186,49 189,49 191,49 192,49 193,49 197,49
west_east_paths 74,50 76,50 77,50 79,50 80,50 84,50 86,50 88,50 90,50 91,50 92,50 95,50 97,50 99,50 101,50 102,50 103,50 106,50 109,50 111,50
west_east_paths 18,52 21,52 25,52 26,52 27,52 28,52 30,52 31,52 33,52 34,52 35,52 171,52 172,52 174,52 175,52 176,52 178,52 180,52 181,52 184,52 185,52 187,52 192,52 193,52 194,52 195,52 196,52 198,52
west_east_paths 1,60 2,60 3,60 4,60 5,60 6,60 7,60 8,60 9,60 10,60 11,60 12,60 13,60 14,60 15,60 16,60 17,60 18,60 19,60 20,60 21,60 22,60 23,60 24,60 25,60 26,60 27,60 28,60 29,60 30,60 31,60 32,60 33,60 34,60 35,60 36,60 37,60 38,60 39,60 40,60
west_east_paths 41,60 42,60 43,60 44,60 45,60 46,60 47,60 48,60 49,60 50,60 51,60 52,60 53,60 54,60 55,60 56,60 57,60 58,60 59,60 60,60 61,60 62,60 63,60 64,60 65,60 66,60 67,60 68,60 69,60 70,60 71,60 72,60 73,60 74,60 75,60 76,60 77,60 78,60 79,60 80,60
west_east_paths 81,60 82,60 83,60 84,60 85,60 86,60 87,60 88,60 89,60 90,60 91,60 92,60 93,60 94,60 95,60 96,60 97,60 98,60 99,60 100,60 101,60 102,60 103,60 104,60 105,60 106,60 107,60 108,60 109,60 110,60 111,60 112,60 113,60 114,60 115,60 116,60 117,60 118,60 119,60 120,60
west_east_paths 121,60 122,60 123,60 124,60 125,60 126,60 127,60 128,60 129,60 130,60 131,60 132,60 133,60 134,60 135,60 136,60 137,60 138,60 139,60 140,60 141,60 142,60 143,60 144,60 145,60 146,60 147,60 148,60 149,60 150,60 151,60 152,60 153,60 154,60 155,60 156,60 157,60 158,60 159,60 160,60
west_east_paths 161,60 162,60 163,60 164,60 165,60 166,60 167,60 168,60 169,60 170,60 171,60 172,60 173,60 174,60 175,60 176,60 177,60 178,60 179,60 180,60 181,60 182,60 183,60 184,60 185,60 186,60 187,60 188,60 189,60 190,60 191,60 192,60 193,60 194,60 195,60 196,60 197,60 198,60 199,60 200,60
west_east_paths 49,69 51,69 52,69 53,69 55,69 56,69 57,69 58,69 61,69 62,69 63,69 66,69 67,69 72,69 76,69 78,69 79,69 80,69 81,69
west_east_paths 53,71 54,71 55,71 57,71 59,71 61,71 62,71 64,71 66,71
west_east_paths 155,74 156,74 157,74 159,74 160,74 164,74 165,74 166,74 167,74 168,74 169,74
west_east_paths 103,78 104,78 106,78 107,78 109,78 110,78 111,78 112,78 113,78 115,78 119,78 120,78 121,78 122,78 124,78 130,78 133,78
west_east_paths 181,79 182,79 184,79
west_east_paths 1,80 2,80 3,80 4,80 5,80 6,80 7,80 8,80 9,80 10,80 11,80 12,80 13,80 14,80 15,80 16,80 17,80 18,80 19,80 20,80 21,80 22,80 23,80 24,80 25,80 26,80 27,80 28,80 29,80 30,80 31,80 32,80 33,80 34,80 35,80 36,80 37,80 38,80 39,80 40,80
west_east_paths 41,80 42,80 43,80 44,80 45,80 46,80 47,80 48,80 49,80 50,80 51,80 52,80 53,80 54,80 55,80 56,80 57,80 58,80 59,80 60,80 61,80 62,80 63,80 64,80 65,80 66,80 67,80 68,80 69,80 70,80 71,80 72,80 73,80 74,80 75,80 76,80 77,80 78,80 79,80 80,80
west_east_paths 81,80 82,80 83,80 84,80 85,80 86,80 87,80 88,80 89,80 90,80 91,80 92,80 93,80 94,80 95,80 96,80 97,80 98,80 99,80 100,80 101,80 102,80 103,80 104,80 105,80 106,80 107,80 108,80 109,80 110,80 111,80 112,80 113,80 114,80 115,80 116,80 117,80 118,80 119,80 120,80
west_east_paths 121,80 122,80 123,80 124,80 125,80 126,80 127,80 128,80 129,80 130,80 131,80 132,80 133,80 134,80 135,80 136,80 137,80 138,80 139,80 140,80 141,80 142,80 143,80 144,80 145,80 146,80 147,80 148,80 149,80 150,80 151,80 152,80 153,80 154,80 155,80 156,80 157,80 158,80 159,80 160,80
west_east_paths 161,80 162,80 163,80 164,80 165,80 166,80 167,80 168,80 169,80 170,80 171,80 172,80 173,80 174,80 175,80 176,80 177,80 178,80 179,80 180,80 181,80 182,80 183,80 184,80 185,80 186,80 187,80 188,80 189,80 190,80 191,80 192,80 193,80 194,80 195,80 196,80 197,80 198,80 199,80 200,80
west_east_paths 83,81 84,81 86,81 87,81
west_east_paths 1,100 2,100 3,100 4,100 5,100 6,100 7,100 8,100 9,100 10,100 11,100 12,100 13,100 14,100 15,100 16,100 17,100 18,100 19,100 20,100 21,100 22,100 23,100 24,100 25,100 26,100 27,100 28,100 29,100 30,100 31,100 32,100 33,100 34,100 35,100 36,100 37,100 38,100 39,100 40,100
west_east_paths 41,100 42,100 43,100 44,100 45,100 46,100 47,100 48,100 49,100 50,100 51,100 52,100 53,100 54,100 55,100 56,100 57,100 58,100 59,100 60,100 61,100 62,100 63,100 64,100 65,100 66,100 67,100 68,100 69,100 70,100 71,100 72,100 73,100 74,100 75,100 76,100 77,100 78,100 79,100 80,100
west_east_paths 81,100 82,100 83,100 84,100 85,100 86,100 87,100 88,100 89,100 90,100 91,100 92,100 93,100 94,100 95,100 96,100 97,100 98,100 99,100 100,100 101,100 102,100 103,100 104,100 105,100 106,100 107,100 108,100 109,100 110,100 111,100 112,100 113,100 114,100 115,100 116,100 117,100 118,100 119,100 120,100
west_east_paths 121,100 122,100 123,100 124,100 125,100 126,100 127,100 128,100 129,100 130,100 131,100 132,100 133,100 134,100 135,100 136,100 137,100 138,100 139,100 140,100 141,100 142,100 143,100 144,100 145,100 146,100 147,100 148,100 149,100 150,100 151,100 152,100 153,100 154,100 155,100 156,100 157,100 158,100 159,100 160,100
west_east_paths 161,100 162,100 163,100 164,100 165,100 166,100 167,100 168,100 169,100 170,100 171,100 172,100 173,100 174,100 175,100 176,100 177,100 178,100 179,100 180,100 181,100 182,100 183,100 184,100 185,100 186,100 187,100 188,100 189,100 190,100 191,100 192,100 193,100 194,100 195,100 196,100 197,100 198,100 199,100 200,100
west_east_paths 126,101 127,101 128,101 129,101 130,101 134,101 135,101 138,101 140,101 141,101 147,101 148,101 149,101 152,101 153,101 154,101 155,101 156,101 159,101 161,101 162,101 165,101 166,101 167,101
west_east_paths 172,117 173,117 176,117 178,117 179,117 180,117 181,117 182,117 185,117 186,117 187,117 188,117 189,117 191,117 192,117 194,117 200,117
west_east_paths 59,119 61,119 62,119 63,119 64,119 65,119 66,119 67,119 68,119 70,119 71,119 72,119 75,119 76,119 77,119 81,119 90,119
west_east_paths 1,120 2,120 3,120 4,120 5,120 6,120 7,120 8,120 9,120 10,120 11,120 12,120 13,120 14,120 15,120 16,120 17,120 18,120 19,120 20,120 21,120 22,120 23,120 24,120 25,120 26,120 27,120 28,120 29,120 30,120 31,120 32,120 33,120 34,120 35,120 36,120 37,120 38,120 39,120 40,120
west_east_paths 41,120 42,120 43,120 44,120 45,120 46,120 47,120 48,120 49,120 50,120 51,120 52,120 53,120 54,120 55,120 56,120 57,120 58,120 59,120 60,120 61,120 62,120 63,120 64,120 65,120 66,120 67,120 68,120 69,120 70,120 71,120 72,120 73,120 74,120 75,120 76,120 77,120 78,120 79,120 80,120
west_east_paths 81,120 82,120 83,120 84,120 85,120 86,120 87,120 88,120 89,120 90,120 91,120 92,120 93,120 94,120 95,120 96,120 97,120 98,120 99,120 100,120 101,120 102,120 103,120 104,120 105,120 106,120 107,120 108,120 109,120 110,120 111,120 112,120 113,120 114,120 115,120 116,120 117,120 118,120 119,120 120,120
west_east_paths 121,120 122,120 123,120 124,120 125,120 126,120 127,120 128,120 129,120 130,120 131,120 132,120 133,120 134,120 135,120 136,120 137,120 138,120 139,120 140,120 141,120 142,120 143,120 144,120 145,120 146,120 147,120 148,120 149,120 150,120 151,120 152,120 153,120 154,120 155,120 156,120 157,120 158,120 159,120 160,120
west_east_paths 161,120 162,120 163,120 164,120 165,120 166,120 167,120 168,120 169,120 170,120 171,120 172,120 173,120 174,120 175,120 176,120 177,120 178,120 179,120 180,120 181,120 182,120 183,120 184,120 185,120 186,120 187,120 188,120 189,120 190,120 191,120 192,120 193,120 194,120 195,120 196,120 197,120 198,120 199,120 200,120
west_east_paths 152,125 154,125 155,125 156,125 158,125 159,125 162,125 165,125 166,125 167,125 169,125 170,125 173,125 177,125 179,125
west_east_paths 176,126 177,126 178,126 179,126 180,126 181,126 183,126 184,126 186,126 188,126 189,126 190,126 193,126 195,126 198,126
west_east_paths 38,132 39,132 41,132 43,132 44,132 46,132 48,132
west_east_paths 1,140 2,140 3,140 4,140 5,140 6,140 7,140 8,140 9,140 10,140 11,140 12,140 13,140 14,140 15,140 16,140 17,140 18,140 19,140 20,140 21,140 22,140 23,140 24,140 25,140 26,140 27,140 28,140 29,140 30,140 31,140 32,140 33,140 34,140 35,140 36,140 37,140 38,140 39,140 40,140
west_east_paths 41,140 42,140 43,140 44,140 45,140 46,140 47,140 48,140 49,140 50,140 51,140 52,140 53,140 54,140 55,140 56,140 57,140 58,140 59,140 60,140 61,140 62,140 63,140 64,140 65,140 66,140 67,140 68,140 69,140 70,140 71,140 72,140 73,140 74,140 75,140 76,140 77,140 78,140 79,140 80,140
west_east_paths 81,140 82,140 83,140 84,140 85,140 86,140 87,140 88,140 89,140 90,140 91,140 92,140 93,140 94,140 95,140 96,140 97,140 98,140 99,140 100,140 101,140 102,140 103,140 104,140 105,140 106,140 107,140 108,140 109,140 110,140 111,140 112,140 113,140 114,140 115,140 116,140 117,140 118,140 119,140 120,140
west_east_paths 121,140 122,140 123,140 124,140 125,140 126,140 127,140 128,140 129,140 130,140 131,140 132,140 133,140 134,140 135,140 136,140 137,140 138,140 139,140 140,140 141,140 142,140 143,140 144,140 145,140 146,140 147,140 148,140 149,140 150,140 151,140 152,140 153,140 154,140 155,140 156,140 157,140 158,140 159,140 160,140
west_east_paths 161,140 162,140 163,140 164,140 165,140 166,140 167,140 168,140 169,140 170,140 171,140 172,140 173,140 174,140 175,140 176,140 177,140 178,140 179,140 180,140 181,140 182,140 183,140 184,140 185,140 186,140 187,140 188,140 189,140 190,140 191,140 192,140 193,140 194,140 195,140 196,140 197,140 198,140 199,140 200,140
west_east_paths 136,141 137,141 139,141 142,141 143,141 145,141 146,141 150,141 153,141 156,141 157,141 158,141 159,141 162,141 163,141 164,141 169,141 170,141 172,141 173,141 175,141 176,141 177,141 180,141 183,141 184,141 186,141
west_east_paths 27,146 32,146 34,146 39,146 42,146 44,146 45,146 47,146 49,146 50,146 52,146 53,146 54,146 55,146 57,146 59,146 60,146 61,146 62,146 64,146 81,146 82,146 83,146 85,146 87,146 91,146 93,146 94,146 96,146 97,146 98,146 100,146 102,146
west_east_paths 133,149 135,149 136,149 137,149 140,149 141,149 143,149 144,149 148,149 150,149
west_east_paths 136,153 138,153 142,153 143,153 145,153 149,153 150,153 151,153 152,153 154,153 157,153 158,153 159,153 161,153 163,153 164,153 179,153 180,153 181,153 182,153 183,153 184,153 185,153
west_east_paths 1,160 2,160 3,160 4,160 5,160 6,160 7,160 8,160 9,160 10,160 11,160 12,160 13,160 14,160 15,160 16,160 17,160 18,160 19,160 20,160 21,160 22,160 23,160 24,160 25,160 26,160 27,160 28,160 29,160 30,160 31,160 32,160 33,160 34,160 35,160 36,160 37,160 38,160 39,160 40,160
west_east_paths 41,160 42,160 43,160 44,160 45,160 46,160 47,160 48,160 49,160 50,160 51,160 52,160 53,160 54,160 55,160 56,160 57,160 58,160 59,160 60,160 61,160 62,160 63,160 64,160 65,160 66,160 67,160 68,160 69,160 70,160 71,160 72,160 73,160 74,160 75,160 76,160 77,160 78,160 79,160 80,160
west_east_paths 81,160 82,160 83,160 84,160 85,160 86,160 87,160 88,160 89,160 90,160 91,160 92,160 93,160 94,160 95,160 96,160 97,160 98,160 99,160 100,160 101,160 102,160 103,160 104,160 105,160 106,160 107,160 108,160 109,160 110,160 111,160 112,160 113,160 114,160 115,160 116,160 117,160 118,160 119,160 120,160
west_east_paths 121,160 122,160 123,160 124,160 125,160 126,160 127,160 128,160 129,160 130,160 131,160 132,160 133,160 134,160 135,160 136,160 137,160 138,160 139,160 140,160 141,160 142,160 143,160 144,160 145,160 146,160 147,160 148,160 149,160 150,160 151,160 152,160 153,160 154,160 155,160 156,160 157,160 158,160 159,160 160,160
west_east_paths 161,160 162,160 163,160 164,160 165,160 166,160 167,160 168,160 169,160 170,160 171,160 172,160 173,160 174,160 175,160 176,160 177,160 178,160 179,160 180,160 181,160 182,160 183,160 184,160 185,160 186,160 187,160 188,160 189,160 190,160 191,160 192,160 193,160 194,160 195,160 196,160 197,160 198,160 199,160 200,160
west_east_paths 28,163 30,163 33,163 34,163 35,163 38,163 41,163 44,163 45,163 46,163 48,163 49,163 51,163 52,163 56,163 57,163 59,163
west_east_paths 145,164 146,164 147,164
west_east_paths 84,171 86,171 89,171 91,171 95,171 96,171 98,171 99,171 102,171 103,171 104,171 106,171 108,171 109,171 111,171 113,171 119,171 120,171 121,171 123,171 124,171 128,171 129,171 130,171 131,171 132,171
west_east_paths 118,179 119,179 121,179 122,179 123,179 125,179 127,179 128,179 129,179 133,179 134,179 135,179 136,179 140,179 142,179 146,179
west_east_paths 1,180 2,180 3,180 4,180 5,180 6,180 7,180 8,180 9,180 10,180 11,180 12,180 13,180 14,180 15,180 16,180 17,180 18,180 19,180 20,180 21,180 22,180 23,180 24,180 25,180 26,180 27,180 28,180 29,180 30,180 31,180 32,180 33,180 34,180 35,180 36,180 37,180 38,180 39,180 40,180
west_east_paths 41,180 42,180 43,180 44,180 45,180 46,180 47,180 48,180 49,180 50,180 51,180 52,180 53,180 54,180 55,180 56,180 57,180 58,180 59,180 60,180 61,180 62,180 63,180 64,180 65,180 66,180 67,180 68,180 69,180 70,180 71,180 72,180 73,180 74,180 75,180 76,180 77,180 78,180 79,180 80,180
west_east_paths 81,180 82,180 83,180 84,180 85,180 86,180 87,180 88,180 89,180 90,180 91,180 92,180 93,180 94,180 95,180 96,180 97,180 98,180 99,180 100,180 101,180 102,180 103,180 104,180 105,180 106,180 107,180 108,180 109,180 110,180 111,180 112,180 113,180 114,180 115,180 116,180 117,180 118,180 119,180 120,180
west_east_paths 121,180 122,180 123,180 124,180 125,180 126,180 127,180 128,180 129,180 130,180 131,180 132,180 133,180 134,180 135,180 136,180 137,180 138,180 139,180 140,180 141,180 142,180 143,180 144,180 145,180 146,180 147,180 148,180 149,180 150,180 151,180 152,180 153,180 154,180 155,180 156,180 157,180 158,180 159,180 160,180
west_east_paths 161,180 162,180 163,180 164,180 165,180 166,180 167,180 168,180 169,180 170,180 171,180 172,180 173,180 174,180 175,180 176,180 177,180 178,180 179,180 180,180 181,180 182,180 183,180 184,180 185,180 186,180 187,180 188,180 189,180 190,180 191,180 192,180 193,180 194,180 195,180 196,180 197,180 198,180 199,180 200,180
west_east_paths 25,183 26,183 27,183 30,183 31,183 32,183 33,183 34,183 114,183 115,183 117,183 119,183 123,183 124,183 126,183 127,183 128,183 130,183 132,183 135,183 136,183 137,183
west_east_paths 9,193 10,193 11,193 13,193 14,193 15,193 17,193 21,193 24,193 26,193 27,193 28,193 31,193 33,193 34,193 36,193 37,193 38,193 40,193 44,193 48,193
west_east_paths 1,200 2,200 3,200 4,200 5,200 6,200 7,200 8,200 9,200 10,200 11,200 12,200 13,200 14,200 15,200 16,200 17,200 18,200 19,200 20,200 21,200 22,200 23,200 24,200 25,200 26,200 27,200 28,200 29,200 30,200 31,200 32,200 33,200 34,200 35,200 36,200 37,200 38,200 39,200 40,200
west_east_paths 41,200 42,200 43,200 44,200 45,200 46,200 47,200 48,200 49,200 50,200 51,200 52,200 53,200 54,200 55,200 56,200 57,200 58,200 59,200 60,200 61,200 62,200 63,200 64,200 65,200 66,200 67,200 68,200 69,200 70,200 71,200 72,200 73,200 74,200 75,200 76,200 77,200 78,200 79,200 80,200
west_east_paths 81,200 82,200 83,200 84,200 85,200 86,200 87,200 88,200 89,200 90,200 91,200 92,200 93,200 94,200 95,200 96,200 97,200 98,200 99,200 100,200 101,200 102,200 103,200 104,200 105,200 106,200 107,200 108,200 109,200 110,200 111,200 112,200 113,200 114,200 115,200 116,200 117,200 118,200 119,200 120,200
west_east_paths 121,200 122,200 123,200 124,200 125,200 126,200 127,200 128,200 129,200 130,200 131,200 132,200 133,200 134,200 135,200 136,200 137,200 138,200 139,200 140,200 141,200 142,200 143,200 144,200 145,200 146,200 147,200 148,200 149,200 150,200 151,200 152,200 153,200 154,200 155,200 156,200 157,200 158,200 159,200 160,200
west_east_paths 161,200 162,200 163,200 164,200 165,200 166,200 167,200 168,200 169,200 170,200 171,200 172,200 173,200 174,200 175,200 176,200 177,200 178,200 179,200 180,200 181,200 182,200 183,200 184,200 185,200 186,200 187,200 188,200 189,200 190,200 191,200 192,200 193,200 194,200 195,200 196,200 197,200 198,200 199,200 200,200

south_north_paths 1,1 1,2 1,3 1,4 1,5 1,6 1,7 1,8 1,9 1,10 1,11 1,12 1,13 1,14 1,15 1,16 1,17 1,18 1,19 1,20 1,21 1,22 1,23 1,24 1,25 1,26 1,27 1,28 1,29 1,30 1,31 1,32 1,33 1,34 1,35 1,36 1,37 1,38 1,39 1,40
south_north_paths 1,41 1,42 1,43 1,44 1,45 1,46 1,47 1,48 1,49 1,50 1,51 1,52 1,53 1,54 1,55 1,56 1,57 1,58 1,59 1,60 1,61 1,62 1,63 1,64 1,65 1,66 1,67 1,68 1,69 1,70 1,71 1,72 1,73 1,74 1,75 1,76 1,77 1,78 1,79 1,80
south_north_paths 1,81 1,82 1,83 1,84 1,85 1,86 1,87 1,88 1,89 1,90 1,91 1,92 1,93 1,94 1,95 1,96 1,97 1,98 1,99 1,100 1,101 1,102 1,103 1,104 1,105 1,106 1,107 1,108 1,109 1,110 1,111 1,112 1,113 1,114 1,115 1,116 1,117 1,118 1,119 1,120
south_north_paths 1,121 1,122 1,123 1,124 1,125 1,126 1,127 1,128 1,129 1,130 1,131 1,132 1,133 1,134 1,135 1,136 1,137 1,138 1,139 1,140 1,141 1,142 1,143 1,144 1,145 1,146 1,147 1,148 1,149 1,150 1,151 1,152 1,153 1,154 1,155 1,156 1,157 1,158 1,159 1,160
south_north_paths 1,161 1,162 1,163 1,164 1,165 1,166 1,167 1,168 1,169 1,170 1,171 1,172 1,173 1,174 1,175 1,176 1,177 1,178 1,179 1,180 1,181 1,182 1,183 1,184 1,185 1,186 1,187 1,188 1,189 1,190 1,191 1,192 1,193 1,194 1,195 1,196 1,197 1,198 1,199 1,200
south_north_paths 5,119 5,120 5,121 5,122 5,123 5,124 5,125 5,126 5,127 5,136 5,137 5,138
south_north_paths 14,137 14,138 14,139 14,140 14,143 14,147 14,148 14,150 14,154 14,155 14,156 14,157 14,158 14,159 14,162 14,163 14,164 14,167 14,168 14,175 14,176 14,177 14,179 14,182 14,183 14,184 14,186 14,187 14,192
south_north_paths 18,21 18,22 18,23 18,26 18,29 18,32 18,34 18,35 18,38 18,41 18,42 18,44 18,45 18,47 18,48 18,51 18,53 18,54 18,56 18,57 18,59 18,60 18,64
south_north_paths 20,1 20,2 20,3 20,4 20,5 20,6 20,7 20,8 20,9 20,10 20,11 20,12 20,13 20,14 20,15 20,16 20,17 20,18 20,19 20,20 20,21 20,22 20,23 20,24 20,25 20,26 20,27 20,28 20,29 20,30 20,31 20,32 20,33 20,34 20,35 20,36 20,37 20,38 20,39 20,40
south_north_paths 20,41 20,42 20,43 20,44 20,45 20,46 20,47 20,48 20,49 20,50 20,51 20,52 20,53 20,54 20,55 20,56 20,57 20,58 20,59 20,60 20,61 20,62 20,63 20,64 20,65 20,66 20,67 20,68 20,69 20,70 20,71 20,72 20,73 20,74 20,75 20,76 20,77 20,78 20,79 20,80
south_north_paths 20,81 20,82 20,83 20,84 20,85 20,86 20,87 20,88 20,89 20,90 20,91 20,92 20,93 20,94 20,95 20,96 20,97 20,98 20,99 20,100 20,101 20,102 20,103 20,104 20,105 20,106 20,107 20,108 20,109 20,110 20,111 20,112 20,113 20,114 20,115 20,116 20,117 20,118 20,119 20,120
south_north_paths 20,121 20,122 20,123 20,124 20,125 20,126 20,127 20,128 20,129 20,130 20,131 20,132 20,133 20,134 20,135 20,136 20,137 20,138 20,139 20,140 20,141 20,142 20,143 20,144 20,145 20,146 20,147 20,148 20,149 20,150 20,151 20,152 20,153 20,154 20,155 20,156 20,157 20,158 20,159 20,160
south_north_paths 20,161 20,162 20,163 20,164 20,165 20,166 20,167 20,168 20,169 20,170 20,171 20,172 20,173 20,174 20,175 20,176 20,177 20,178 20,179 20,180 20,181 20,182 20,183 20,184 20,185 20,186 20,187 20,188 20,189 20,190 20,191 20,192 20,193 20,194 20,195 20,196 20,197 20,198 20,199 20,200
south_north_paths 26,94 26,98 26,99 26,100 26,101
south_north_paths 30,73 30,74 30,75 30,76 30,80 30,81
south_north_paths 40,1 40,2 40,3 40,4 40,5 40,6 40,7 40,8 40,9 40,10 40,11 40,12 40,13 40,14 40,15 40,16 40,17 40,18 40,19 40,20 40,21 40,22 40,23 40,24 40,25 40,26 40,27 40,28 40,29 40,30 40,31 40,32 40,33 40,34 40,35 40,36 40,37 40,38 40,39 40,40
south_north_paths 40,41 40,42 40,43 40,44 40,45 40,46 40,47 40,48 40,49 40,50 40,51 40,52 40,53 40,54 40,55 40,56 40,57 40,58 40,59 40,60 40,61 40,62 40,63 40,64 40,65 40,66 40,67 40,68 40,69 40,70 40,71 40,72 40,73 40,74 40,75 40,76 40,77 40,78 40,79 40,80
south_north_paths 40,81 40,82 40,83 40,84 40,85 40,86 40,87 40,88 40,89 40,90 40,91 40,92 40,93 40,94 40,95 40,96 40,97 40,98 40,99 40,100 40,101 40,102 40,103 40,104 40,105 40,106 40,107 40,108 40,109 40,110 40,111 40,112 40,113 40,114 40,115 40,116 40,117 40,118 40,119 40,120
south_north_paths 40,121 40,122 40,123 40,124 40,125 40,126 40,127 40,128 40,129 40,130 40,131 40,132 40,133 40,134 40,135 40,136 40,137 40,138 40,139 40,140 40,141 40,142 40,143 40,144 40,145 40,146 40,147 40,148 40,149 40,150 40,151 40,152 40,153 40,154 40,155 40,156 40,157 40,158 40,159 40,160
south_north_paths 40,161 40,162 40,163 40,164 40,165 40,166 40,167 40,168 40,169 40,170 40,171 40,172 40,173 40,174 40,175 40,176 40,177 40,178 40,179 40,180 40,181 40,182 40,183 40,184 40,185 40,186 40,187 40,188 40,189 40,190 40,191 40,192 40,193 40,194 40,195 40,196 40,197 40,198 40,199 40,200
south_north_paths 43,85 43,89 43,90 43,91 43,94 43,98 43,102 43,103 43,104 43,105 43,106 43,107 43,108 43,115 43,116 43,117 43,119 43,120 43,121 43,123 43,124 43,128 43,129 43,130
south_north_paths 51,147 51,148 51,149 51,152 51,154 51,155 51,157 51,158 51,162
south_north_paths 53,63 53,65 53,67 53,69 53,72 53,73 53,75 53,76 53,79 53,80 53,82 53,84 53,86
south_north_paths 54,147 54,150 54,151 54,152 54,154
south_north_paths 60,1 60,2 60,3 60,4 60,5 60,6 60,7 60,8 60,9 60,10 60,11 60,12 60,13 60,14 60,15 60,16 60,17 60,18 60,19 60,20 60,21 60,22 60,23 60,24 60,25 60,26 60,27 60,28 60,29 60,30 60,31 60,32 60,33 60,34 60,35 60,36 60,37 60,38 60,39 60,40
south_north_paths 60,41 60,42 60,43 60,44 60,45 60,46 60,47 60,48 60,49 60,50 60,51 60,52 60,53 60,54 60,55 60,56 60,57 60,58 60,59 60,60 60,61 60,62 60,63 60,64 60,65 60,66 60,67 60,68 60,69 60,70 60,71 60,72 60,73 60,74 60,75 60,76 60,77 60,78 60,79 60,80
south_north_paths 60,81 60,82 60,83 60,84 60,85 60,86 60,87 60,88 60,89 60,90 60,91 60,92 60,93 60,94 60,95 60,96 60,97 60,98 60,99 60,100 60,101 60,102 60,103 60,104 60,105 60,106 60,107 60,108 60,109 60,110 60,111 60,112 60,113 60,114 60,115 60,116 60,117 60,118 60,119 60,120
south_north_paths 60,121 60,122 60,123 60,124 60,125 60,126 60,127 60,128 60,129 60,130 60,131 60,132 60,133 60,134 60,135 60,136 60,137 60,138 60,139 60,140 60,141 60,142 60,143 60,144 60,145 60,146 60,147 60,148 60,149 60,150 60,151 60,152 60,153 60,154 60,155 60,156 60,157 60,158 60,159 60,160
south_north_paths 60,161 60,162 60,163 60,164 60,165 60,166 60,167 60,168 60,169 60,170 60,171 60,172 60,173 60,174 60,175 60,176 60,177 60,178 60,179 60,180 60,181 60,182 60,183 60,184 60,185 60,186 60,187 60,188 60,189 60,190 60,191 60,192 60,193 60,194 60,195 60,196 60,197 60,198 60,199 60,200
south_north_paths 62,55 62,59 62,60 62,61 62,63 62,64 62,65 62,66 62,69 62,71 62,74 62,75 62,76 62,79 62,80 62,82 62,84 62,85 62,90 62,94 62,95 62,96 62,98
south_north_paths 68,166 68,168 68,170 68,171 68,172 68,173 68,175 68,177 68,178 68,179 68,180 68,181 68,183 68,184 68,186 68,192 68,194 68,199
south_north_paths 70,194 70,198 70,199
south_north_paths 76,8 76,10 76,11 76,14 76,15 76,16 76,18 76,19 76,21 76,22 76,25 76,27 76,28 76,31 76,32 76,33 76,36 76,38 76,39 76,42 76,45 76,49 76,50 76,53
south_north_paths 77,124 77,126 77,127 77,128 77,131 77,135 77,136 77,138 77,139 77,140 77,142 77,143 77,147
south_north_paths 78,143 78,145 78,149 78,150 78,157 78,158 78,159 78,160 78,161 78,162 78,163 78,166 78,167 78,168 78,170 78,173 78,174 78,178 78,179 78,180 78,183 78,184 78,185 78,188 78,190 78,192 78,193 78,197 78,199 78,200
south_north_paths 80,1 80,2 80,3 80,4 80,5 80,6 80,7 80,8 80,9 80,10 80,11 80,12 80,13 80,14 80,15 80,16 80,17 80,18 80,19 80,20 80,21 80,22 80,23 80,24 80,25 80,26 80,27 80,28 80,29 80,30 80,31 80,32 80,33 80,34 80,35 80,36 80,37 80,38 80,39 80,40
south_north_paths 80,41 80,42 80,43 80,44 80,45 80,46 80,47 80,48 80,49 80,50 80,51 80,52 80,53 80,54 80,55 80,56 80,57 80,58 80,59 80,60 80,61 80,62 80,63 80,64 80,65 80,66 80,67 80,68 80,69 80,70 80,71 80,72 80,73 80,74 80,75 80,76 80,77 80,78 80,79 80,80
south_north_paths 80,81 80,82 80,83 80,84 80,85 80,86 80,87 80,88 80,89 80,90 80,91 80,92 80,93 80,94 80,95 80,96 80,97 80,98 80,99 80,100 80,101 80,102 80,103 80,104 80,105 80,106 80,107 80,108 80,109 80,110 80,111 80,112 80,113 80,114 80,115 80,116 80,117 80,118 80,119 80,120
south_north_paths 80,121 80,122 80,123 80,124 80,125 80,126 80,127 80,128 80,129 80,130 80,131 80,132 80,133 80,134 80,135 80,136 80,137 80,138 80,139 80,140 80,141 80,142 80,143 80,144 80,145 80,146 80,147 80,148 80,149 80,150 80,151 80,152 80,153 80,154 80,155 80,156 80,157 80,158 80,159 80,160
south_north_paths 80,161 80,162 80,163 80,164 80,165 80,166 80,167 80,168 80,169 80,170 80,171 80,172 80,173 80,174 80,175 80,176 80,177 80,178 80,179 80,180 80,181 80,182 80,183 80,184 80,185 80,186 80,187 80,188 80,189 80,190 80,191 80,192 80,193 80,194 80,195 80,196 80,197 80,198 80,199 80,200
south_north_paths 84,112 84,113 84,114 84,115 84,116 84,117 84,118 84,120 84,121 84,122 84,123 84,124 84,127 84,128 84,129 84,131 84,132 84,134 84,138 84,139 84,145 84,153 84,154 84,155
south_north_paths 89,100 89,102 89,104 89,106 89,107 89,108 89,109 89,111 89,112 89,113 89,117 89,118 89,119 89,120 89,121 89,122 89,125 89,126 89,127 89,128 89,132 89,133 89,140 89,141 89,142 89,146 89,151 89,153 89,155
south_north_paths 100,1 100,2 100,3 100,4 100,5 100,6 100,7 100,8 100,9 100,10 100,11 100,12 100,13 100,14 100,15 100,16 100,17 100,18 100,19 100,20 100,21 100,22 100,23 100,24 100,25 100,26 100,27 100,28 100,29 100,30 100,31 100,32 100,33 100,34 100,35 100,36 100,37 100,38 100,39 100,40
south_north_paths 100,41 100,42 100,43 100,44 100,45 100,46 100,47 100,48 100,49 100,50 100,51 100,52 100,53 100,54 100,55 100,56 100,57 100,58 100,59 100,60 100,61 100,62 100,63 100,64 100,65 100,66 100,67 100,68 100,69 100,70 100,71 100,72 100,73 100,74 100,75 100,76 100,77 100,78 100,79 100,80
south_north_paths 100,81 100,82 100,83 100,84 100,85 100,86 100,87 100,88 100,89 100,90 100,91 100,92 100,93 100,94 100,95 100,96 100,97 100,98 100,99 100,100 100,101 100,102 100,103 100,104 100,105 100,106 100,107 100,108 100,109 100,110 100,111 100,112 100,113 100,114 100,115 100,116 100,117 100,118 100,119 100,120
south_north_paths 100,121 100,122 100,123 100,124 100,125 100,126 100,127 100,128 100,129 100,130 100,131 100,132 100,133 100,134 100,135 100,136 100,137 100,138 100,139 100,140 100,141 100,142 100,143 100,144 100,145 100,146 100,147 100,148 100,149 100,150 100,151 100,152 100,153 100,154 100,155 100,156 100,157 100,158 100,159 100,160
south_north_paths 100,161 100,162 100,163 100,164 100,165 100,166 100,167 100,168 100,169 100,170 100,171 100,172 100,173 100,174 100,175 100,176 100,177 100,178 100,179 100,180 100,181 100,182 100,183 100,184 100,185 100,186 100,187 100,188 100,189 100,190 100,191 100,192 100,193 100,194 100,195 100,196 100,197 100,198 100,199 100,200
south_north_paths 101,162 101,163 101,167 101,169 101,173 101,175 101,176 101,179 101,180 101,182 101,184 101,188 101,189 101,190 101,191 101,193 101,195 101,198 101,199
south_north_paths 102,82 102,85 102,86 102,90 102,91 102,92 102,93 102,96 102,97 102,99 102,100
south_north_paths 108,84 108,86 108,90 108,95 108,96 108,97 108,98 108,99 108,101 108,102 108,103 108,105 108,107 108,108
south_north_paths 109,16 109,17 109,18 109,21 109,22 109,23 109,188 109,191 109,192 109,193 109,196 109,197 109,199
south_north_paths 118,14 118,15 118,17 118,18 118,20
south_north_paths 120,1 120,2 120,3 120,4 120,5 120,6 120,7 120,8 120,9 120,10 120,11 120,12 120,13 120,14 120,15 120,16 120,17 120,18 120,19 120,20 120,21 120,22 120,23 120,24 120,25 120,26 120,27 120,28 120,29 120,30 120,31 120,32 120,33 120,34 120,35 120,36 120,37 120,38 120,39 120,40
south_north_paths 120,41 120,42 120,43 120,44 120,45 120,46 120,47 120,48 120,49 120,50 120,51 120,52 120,53 120,54 120,55 120,56 120,57 120,58 120,59 120,60 120,61 120,62 120,63 120,64 120,65 120,66 120,67 120,68 120,69 120,70 120,71 120,72 120,73 120,74 120,75 120,76 120,77 120,78 120,79 120,80
south_north_paths 120,81 120,82 120,83 120,84 120,85 120,86 120,87 120,88 120,89 120,90 120,91 120,92 120,93 120,94 120,95 120,96 120,97 120,98 120,99 120,100 120,101 120,102 120,103 120,104 120,105 120,106 120,107 120,108 120,109 120,110 120,111 120,112 120,113 120,114 120,115 120,116 120,117 120,118 120,119 120,120
south_north_paths 120,121 120,122 120,123 120,124 120,125 120,126 120,127 120,128 120,129 120,130 120,131 120,132 120,133 120,134 120,135 120,136 120,137 120,138 120,139 120,140 120,141 120,142 120,143 120,144 120,145 120,146 120,147 120,148 120,149 120,150 120,151 120,152 120,153 120,154 120,155 120,156 120,157 120,158 120,159 120,160
south_north_paths 120,161 120,162 120,163 120,164 120,165 120,166 120,167 120,168 120,169 120,170 120,171 120,172 120,173 120,174 120,175 120,176 120,177 120,178 120,179 120,180 120,181 120,182 120,183 120,184 120,185 120,186 120,187 120,188 120,189 120,190 120,191 120,192 120,193 120,194 120,195 120,196 120,197 120,198 120,199 120,200
south_north_paths 122,2 122,5 122,8 122,15 122,16 122,17 122,18 122,19 122,20 122,21 122,23 122,24 122,26 122,27 122,29
south_north_paths 139,57 139,61 139,63 139,64 139,66 139,68 139,69 139,70 139,72
south_north_paths 140,1 140,2 140,3 140,4 140,5 140,6 140,7 140,8 140,9 140,10 140,11 140,12 140,13 140,14 140,15 140,16 140,17 140,18 140,19 140,20 140,21 140,22 140,23 140,24 140,25 140,26 140,27 140,28 140,29 140,30 140,31 140,32 140,33 140,34 140,35 140,36 140,37 140,38 140,39 140,40
south_north_paths 140,41 140,42 140,43 140,44 140,45 140,46 140,47 140,48 140,49 140,50 140,51 140,52 140,53 140,54 140,55 140,56 140,57 140,58 140,59 140,60 140,61 140,62 140,63 140,64 140,65 140,66 140,67 140,68 140,69 140,70 140,71 140,72 140,73 140,74 140,75 140,76 140,77 140,78 140,79 140,80
south_north_paths 140,81 140,82 140,83 140,84 140,85 140,86 140,87 140,88 140,89 140,90 140,91 140,92 140,93 140,94 140,95 140,96 140,97 140,98 140,99 140,100 140,101 140,102 140,103 140,104 140,105 140,106 140,107 140,108 140,109 140,110 140,111 140,112 140,113 140,114 140,115 140,116 140,117 140,118 140,119 140,120
south_north_paths 140,121 140,122 140,123 140,124 140,125 140,126 140,127 140,128 140,129 140,130 140,131 140,132 140,133 140,134 140,135 140,136 140,137 140,138 140,139 140,140 140,141 140,142 140,143 140,144 140,145 140,146 140,147 140,148 140,149 140,150 140,151 140,152 140,153 140,154 140,155 140,156 140,157 140,158 140,159 140,160
south_north_paths 140,161 140,162 140,163 140,164 140,165 140,166 140,167 140,168 140,169 140,170 140,171 140,172 140,173 140,174 140,175 140,176 140,177 140,178 140,179 140,180 140,181 140,182 140,183 140,184 140,185 140,186 140,187 140,188 140,189 140,190 140,191 140,192 140,193 140,194 140,195 140,196 140,197 140,198 140,199 140,200
south_north_paths 156,116 156,118 156,123 156,124 156,127 156,128 156,131 156,135 156,137 156,138 156,140 156,141 156,142 156,144 156,145 156,148 156,149 156,152 156,153 156,154 156,155 156,157 156,159
south_north_paths 157,26 157,27 157,28 157,30 157,31 157,33 157,36 157,37 157,38 157,42 157,44 157,48 157,49 157,50 157,52 157,53 157,57 157,58 157,59 157,61 157,63 157,64 157,65 157,69 157,70 157,72 157,75
south_north_paths 158,16 158,18 158,20 158,22 158,25 158,26 158,27 158,29 158,31 158,33 158,35
south_north_paths 160,1 160,2 160,3 160,4 160,5 160,6 160,7 160,8 160,9 160,10 160,11 160,12 160,13 160,14 160,15 160,16 160,17 160,18 160,19 160,20 160,21 160,22 160,23 160,24 160,25 160,26 160,27 160,28 160,29 160,30 160,31 160,32 160,33 160,34 160,35 160,36 160,37 160,38 160,39 160,40
south_north_paths 160,41 160,42 160,43 160,44 160,45 160,46 160,47 160,48 160,49 160,50 160,51 160,52 160,53 160,54 160,55 160,56 160,57 160,58 160,59 160,60 160,61 160,62 160,63 160,64 160,65 160,66 160,67 160,68 160,69 160,70 160,71 160,72 160,73 160,74 160,75 160,76 160,77 160,78 160,79 160,80
south_north_paths 160,81 160,82 160,83 160,84 160,85 160,86 160,87 160,88 160,89 160,90 160,91 160,92 160,93 160,94 160,95 160,96 160,97 160,98 160,99 160,100 160,101 160,102 160,103 160,104 160,105 160,106 160,107 160,108 160,109 160,110 160,111 160,112 160,113 160,114 160,115 160,116 160,117 160,118 160,119 160,120
south_north_paths 160,121 160,122 160,123 160,124 160,125 160,126 160,127 160,128 160,129 160,130 160,131 160,132 160,133 160,134 160,135 160,136 160,137 160,138 160,139 160,140 160,141 160,142 160,143 160,144 160,145 160,146 160,147 160,148 160,149 160,150 160,151 160,152 160,153 160,154 160,155 160,156 160,157 160,158 160,159 160,160
south_north_paths 160,161 160,162 160,163 160,164 160,165 160,166 160,167 160,168 160,169 160,170 160,171 160,172 160,173 160,174 160,175 160,176 160,177 160,178 160,179 160,180 160,181 160,182 160,183 160,184 160,185 160,186 160,187 160,188 160,189 160,190 160,191 160,192 160,193 160,194 160,195 160,196 160,197 160,198 160,199 160,200
south_north_paths 161,37 161,39 161,40 161,41 161,42 161,43 161,48
south_north_paths 180,1 180,2 180,3 180,4 180,5 180,6 180,7 180,8 180,9 180,10 180,11 180,12 180,13 180,14 180,15 180,16 180,17 180,18 180,19 180,20 180,21 180,22 180,23 180,24 180,25 180,26 180,27 180,28 180,29 180,30 180,31 180,32 180,33 180,34 180,35 180,36 180,37 180,38 180,39 180,40
south_north_paths 180,41 180,42 180,43 180,44 180,45 180,46 180,47 180,48 180,49 180,50 180,51 180,52 180,53 180,54 180,55 180,56 180,57 180,58 180,59 180,60 180,61 180,62 180,63 180,64 180,65 180,66 180,67 180,68 180,69 180,70 180,71 180,72 180,73 180,74 180,75 180,76 180,77 180,78 180,79 180,80
south_north_paths 180,81 180,82 180,83 180,84 180,85 180,86 180,87 180,88 180,89 180,90 180,91 180,92 180,93 180,94 180,95 180,96 180,97 180,98 180,99 180,100 180,101 180,102 180,103 180,104 180,105 180,106 180,107 180,108 180,109 180,110 180,111 180,112 180,113 180,114 180,115 180,116 180,117 180,118 180,119 180,120
south_north_paths 180,121 180,122 180,123 180,124 180,125 180,126 180,127 180,128 180,129 180,130 180,131 180,132 180,133 180,134 180,135 180,136 180,137 180,138 180,139 180,140 180,141 180,142 180,143 180,144 180,145 180,146 180,147 180,148 180,149 180,150 180,151 180,152 180,153 180,154 180,155 180,156 180,157 180,158 180,159 180,160
south_north_paths 180,161 180,162 180,163 180,164 180,165 180,166 180,167 180,168 180,169 180,170 180,171 180,172 180,173 180,174 180,175 180,176 180,177 180,178 180,179 180,180 180,181 180,182 180,183 180,184 180,185 180,186 180,187 180,188 180,189 180,190 180,191 180,192 180,193 180,194 180,195 180,196 180,197 180,198 180,199 180,200
south_north_paths 185,81 185,82 185,87 185,88 185,89 185,91 185,92 185,93 185,96 185,97 185,98 185,102 185,106 185,107 185,108 185,109
south_north_paths 188,81 188,83 188,84 188,85 188,87 188,88 188,89 188,92 188,94 188,95 188,96 188,99 188,100 188,101 188,104 188,105 188,109 188,111 188,112 188,116 188,120
south_north_paths 200,1 200,2 200,3 200,4 200,5 200,6 200,7 200,8 200,9 200,10 200,11 200,12 200,13 200,14 200,15 200,16 200,17 200,18 200,19 200,20 200,21 200,22 200,23 200,24 200,25 200,26 200,27 200,28 200,29 200,30 200,31 200,32 200,33 200,34 200,35 200,36 200,37 200,38 200,39 200,40
south_north_paths 200,41 200,42 200,43 200,44 200,45 200,46 200,47 200,48 200,49 200,50 200,51 200,52 200,53 200,54 200,55 200,56 200,57 200,58 200,59 200,60 200,61 200,62 200,63 200,64 200,65 200,66 200,67 200,68 200,69 200,70 200,71 200,72 200,73 200,74 200,75 200,76 200,77 200,78 200,79 200,80
south_north_paths 200,81 200,82 200,83 200,84 200,85 200,86 200,87 200,88 200,89 200,90 200,91 200,92 200,93 200,94 200,95 200,96 200,97 200,98 200,99 200,100 200,101 200,102 200,103 200,104 200,105 200,106 200,107 200,108 200,109 200,110 200,111 200,112 200,113 200,114 200,115 200,116 200,117 200,118 200,119 200,120
south_north_paths 200,121 200,122 200,123 200,124 200,125 200,126 200,127 200,128 200,129 200,130 200,131 200,132 200,133 200,134 200,135 200,136 200,137 200,138 200,139 200,140 200,141 200,142 200,143 200,144 200,145 200,146 200,147 200,148 200,149 200,150 200,151 200,152 200,153 200,154 200,155 200,156 200,157 200,158 200,159 200,160
south_north_paths 200,161 200,162 200,163 200,164 200,165 200,166 200,167 200,168 200,169 200,170 200,171 200,172 200,173 200,174 200,175 200,176 200,177 200,178 200,179 200,180 200,181 200,182 200,183 200,184 200,185 200,186 200,187 200,188 200,189 200,190 200,191 200,192 200,193 200,194 200,195 200,196 200,197 200,198 200,199 200,200

high_grounds 8,109 137,103 37,148 15,170 130,168 147,179 44,6 57,70 105,55 93,2 71,42 65,192 10,10 196,193 161,53 170,178

goldmines 50 163,149
goldmines 50 166,99
goldmines 50 4,7
goldmines 50 122,170
goldmines 50 9,113
goldmines 50 77,187
goldmines 50 136,117
goldmines 50 48,153
goldmines 50 30,71
goldmines 50 77,121
goldmines 50 161,12
goldmines 50 68,157
goldmines 50 26,193
goldmines 50 190,167
goldmines 50 162,65
goldmines 50 150,96
goldmines 50 152,51
goldmines 50 85,11
goldmines 50 130,68
goldmines 50 13,96
goldmines 50 14,194
goldmines 50 24,145
goldmines 50 168,58
goldmines 50 198,146
goldmines 50 158,81
goldmines 50 16,127
goldmines 50 12,67
goldmines 50 166,150
goldmines 50 12,159
goldmines 50 4,157
goldmines 50 75,9
goldmines 50 96,58
goldmines 50 114,56
goldmines 50 79,182
goldmines 50 98,46
goldmines 50 62,24
goldmines 50 147,91
goldmines 50 142,181
goldmines 50 89,181
goldmines 50 185,103
goldmines 50 79,121
goldmines 50 122,97
goldmines 50 64,98
goldmines 50 169,66
goldmines 50 29,152
goldmines 50 162,169
goldmines 50 28,41
goldmines 50 42,164
goldmines 50 128,65
goldmines 50 162,77
goldmines 50 117,95
goldmines 50 96,31
goldmines 50 39,101
goldmines 50 49,110
goldmines 50 65,73
goldmines 50 72,72
goldmines 50 128,151
goldmines 50 155,37
goldmines 50 184,109
goldmines 50 166,132
goldmines 50 184,68
goldmines 50 127,32
goldmines 50 71,143
goldmines 50 161,153
goldmines 50 35,110
goldmines 50 69,102
goldmines 50 34,186
goldmines 50 116,165
goldmines 50 129,38
goldmines 50 58,72
goldmines 50 166,143
goldmines 50 30,3
goldmines 50 37,117
goldmines 50 75,127
goldmines 50 139,152
goldmines 50 167,83
goldmines 50 163,134
goldmines 50 78,169
goldmines 50 167,12
goldmines 50 166,55
goldmines 50 84,174
goldmines 50 61,46
goldmines 50 89,177
goldmines 50 185,24
goldmines 50 186,84
goldmines 50 4,91
goldmines 50 178,18
goldmines 50 111,152
goldmines 50 183,179
goldmines 50 51,67
goldmines 50 34,147
goldmines 50 154,18
goldmines 50 122,21
goldmines 50 32,163
goldmines 50 17,135
goldmines 50 22,84
goldmines 50 185,43
goldmines 50 104,199
goldmines 50 145,129
goldmines 50 93,171
goldmines 50 156,44
goldmines 50 93,41
goldmines 50 148,42
goldmines 50 82,34
goldmines 50 50,113
goldmines 50 191,91
goldmines 50 21,103
goldmines 50 23,98
goldmines 50 147,12
goldmines 50 164,118
goldmines 50 169,53
goldmines 50 183,33
goldmines 50 149,79
goldmines 50 156,121
goldmines 50 69,184
goldmines 50 154,84
goldmines 50 84,92
goldmines 50 75,171
goldmines 50 59,23
goldmines 50 198,71
goldmines 50 110,86
goldmines 50 177,163
goldmines 50 195,197
goldmines 50 41,55
goldmines 50 7,90
goldmines 50 10,34
goldmines 50 115,25
goldmines 50 79,119
goldmines 50 88,193
goldmines 50 179,27
goldmines 50 15,110
goldmines 50 89,156
goldmines 50 112,84
goldmines 50 146,51
goldmines 50 75,167
goldmines 50 25,45
goldmines 50 33,183
goldmines 50 190,11
goldmines 50 187,168
goldmines 50 174,117
goldmines 50 181,61
goldmines 50 58,24
goldmines 50 163,107
goldmines 50 27,84
goldmines 50 26,121
goldmines 50 117,130
goldmines 50 106,108
goldmines 50 55,47
goldmines 50 137,171
goldmines 50 62,25
goldmines 50 115,39
goldmines 50 169,34
goldmines 50 36,178
goldmines 50 161,62
goldmines 50 16,26
goldmines 50 111,89
goldmines 50 108,22
goldmines 50 196,185
goldmines 50 158,75
goldmines 50 97,39
goldmines 50 154,139
goldmines 50 179,68
goldmines 50 71,138
goldmines 50 119,102
goldmines 50 102,67
goldmines 50 92,175
goldmines 50 132,51
goldmines 50 19,114
goldmines 50 150,175
goldmines 50 132,127
goldmines 50 97,90
goldmines 50 184,6
goldmines 50 125,123
goldmines 50 102,129
goldmines 50 70,105
goldmines 50 61,85
goldmines 50 137,68
goldmines 50 182,18
goldmines 50 59,155
goldmines 50 147,51
goldmines 50 155,136
goldmines 50 48,58
goldmines 50 199,164
goldmines 50 50,130
goldmines 50 152,134
goldmines 50 111,121
goldmines 50 128,7
goldmines 50 89,123
goldmines 50 15,96
goldmines 50 154,121
goldmines 50 2,51
goldmines 50 110,130
goldmines 50 16,152
goldmines 50 183,157
goldmines 50 6,118
goldmines 50 125,177
goldmines 50 45,170
goldmines 50 47,35
goldmines 50 151,174
goldmines 50 143,98
goldmines 50 175,50
goldmines 50 173,108
goldmines 50 143,47
goldmines 50 78,46
goldmines 50 189,137
goldmines 50 93,45
goldmines 50 102,91
goldmines 50 68,50
goldmines 50 65,141
goldmines 50 148,82
goldmines 50 102,144
goldmines 50 89,26
goldmines 50 25,116
goldmines 50 63,124
goldmines 50 43,87
goldmines 50 132,161
goldmines 50 89,27
goldmines 50 3,27
goldmines 50 42,82
goldmines 50 105,147
goldmines 50 7,149
goldmines 50 15,121
goldmines 50 63,186
goldmines 50 34,118
goldmines 50 174,33
goldmines 50 168,182
goldmines 50 104,119
goldmines 50 112,156
goldmines 50 92,63
goldmines 50 18,150
goldmines 50 158,177
goldmines 50 133,65
goldmines 50 59,126
goldmines 50 64,41
goldmines 50 191,197
goldmines 50 104,167
goldmines 50 33,96
goldmines 50 88,64
goldmines 50 48,117
goldmines 50 198,118
goldmines 50 191,190
goldmines 50 88,179
goldmines 50 92,69
goldmines 50 123,50
goldmines 50 155,12
goldmines 50 36,124
goldmines 50 190,73
goldmines 50 42,5
goldmines 50 103,102
goldmines 50 28,23
goldmines 50 83,39
goldmines 50 191,83
goldmines 50 182,149
goldmines 50 159,198
goldmines 50 13,5
goldmines 50 127,134
goldmines 50 85,179
goldmines 50 148,52
goldmines 50 105,137
goldmines 50 86,95
goldmines 50 98,94
goldmines 50 98,13
goldmines 50 92,159
goldmines 50 132,113
goldmines 50 172,92
goldmines 50 194,74
goldmines 50 105,10
goldmines 50 148,78
goldmines 50 128,78
goldmines 50 161,110
goldmines 50 56,184
goldmines 50 164,87
goldmines 50 25,101
goldmines 50 61,172
goldmines 50 167,84
goldmines 50 121,89
goldmines 50 26,128
goldmines 50 137,55
goldmines 50 35,186
goldmines 50 194,189
goldmines 50 15,36
goldmines 50 11,121
goldmines 50 85,65
goldmines 50 83,88
goldmines 50 176,121
goldmines 50 185,164
goldmines 50 65,5
goldmines 50 85,178
goldmines 50 113,16
goldmines 50 145,19
goldmines 50 69,183
goldmines 50 122,193
goldmines 50 65,119
goldmines 50 107,89
goldmines 50 93,175
goldmines 50 198,137
goldmines 50 51,15
goldmines 50 61,9
goldmines 50 122,159
goldmines 50 130,116
goldmines 50 122,76
goldmines 50 47,95
goldmines 50 67,50
goldmines 50 76,70
goldmines 50 106,44
goldmines 50 33,51
goldmines 50 137,85
goldmines 50 152,187
goldmines 50 15,89
goldmines 50 84,47
goldmines 50 163,49
goldmines 50 195,166
goldmines 50 88,24
goldmines 50 56,170
goldmines 50 192,33
goldmines 50 168,84
goldmines 50 52,7
goldmines 50 70,193
goldmines 50 29,149
goldmines 50 174,183
goldmines 50 107,109
goldmines 50 143,123
goldmines 50 139,110
goldmines 50 76,24
goldmines 50 8,198
goldmines 50 118,150
goldmines 50 5,118
goldmines 50 27,62
goldmines 50 175,158
goldmines 50 167,115
goldmines 50 109,127
goldmines 50 11,65
goldmines 50 193,33
goldmines 50 17,39
goldmines 50 87,30
goldmines 50 82,153
goldmines 50 10,167
goldmines 50 181,162
goldmines 50 198,25
goldmines 50 13,195
goldmines 50 142,163
goldmines 50 22,26
goldmines 50 75,54
goldmines 50 62,147
goldmines 50 164,179
goldmines 50 137,195
goldmines 50 123,113
goldmines 50 66,105
goldmines 50 73,21
goldmines 50 7,122
goldmines 50 73,131
goldmines 50 47,112
goldmines 50 127,56
goldmines 50 38,12
goldmines 50 58,82
goldmines 50 121,71
goldmines 50 148,99
goldmines 50 11,107
goldmines 50 67,19
goldmines 50 98,14
goldmines 50 37,7
goldmines 50 73,19
goldmines 50 103,130
goldmines 50 169,77
goldmines 50 172,48
goldmines 50 155,106
goldmines 50 6,30
goldmines 50 117,69
goldmines 50 99,131
goldmines 50 158,111
goldmines 50 26,107
goldmines 50 109,72
goldmines 50 64,38
goldmines 50 111,101
goldmines 50 161,141
goldmines 50 54,172
goldmines 50 192,182
goldmines 50 54,76
goldmines 50 68,49
goldmines 50 132,77
goldmines 50 65,53
goldmines 50 159,50
goldmines 50 68,131
goldmines 50 37,93
goldmines 50 6,56
goldmines 50 148,142
goldmines 50 113,29
goldmines 50 29,135
goldmines 50 94,8
goldmines 50 23,86
goldmines 50 3,14
goldmines 50 111,85
goldmines 50 177,153
goldmines 50 88,184
goldmines 50 61,174
goldmines 50 48,59
goldmines 50 22,171
goldmines 50 26,46
goldmines 50 77,11
goldmines 50 101,143
goldmines 50 72,55
goldmines 50 193,59
goldmines 50 54,48
goldmines 50 190,150
goldmines 50 29,49
goldmines 50 103,146
goldmines 50 142,188
goldmines 50 130,115
goldmines 50 84,35
goldmines 50 49,132
goldmines 50 147,193
goldmines 50 66,44
goldmines 50 54,86
goldmines 50 127,172
goldmines 50 18,49
goldmines 50 117,158
goldmines 50 3,3
goldmines 50 115,164
goldmines 50 53,52
goldmines 50 141,174
goldmines 50 173,179
goldmines 50 42,99
goldmines 50 153,29
goldmines 50 159,165
goldmines 50 150,134
goldmines 50 4,67
goldmines 50 4,198
goldmines 50 103,170
goldmines 50 66,93
goldmines 50 3,131
goldmines 50 146,122
goldmines 50 26,93
goldmines 50 173,138
goldmines 50 32,22
goldmines 50 101,87
goldmines 50 161,132
goldmines 50 13,86
goldmines 50 96,9
goldmines 50 104,141
goldmines 50 104,149
goldmines 50 184,152
goldmines 50 143,89
goldmines 50 133,131
goldmines 50 82,38
goldmines 50 105,34
goldmines 50 8,184
goldmines 50 151,84
goldmines 50 195,144
goldmines 50 159,76
goldmines 50 49,130
goldmines 50 84,155
goldmines 50 87,8
goldmines 50 191,147
goldmines 50 18,68
goldmines 50 187,85
goldmines 50 48,174
goldmines 50 195,114
goldmines 50 16,175
goldmines 50 91,77
goldmines 50 57,56
goldmines 50 110,30
goldmines 50 152,165
goldmines 50 158,114
goldmines 50 106,121
goldmines 50 186,182
goldmines 50 137,70
goldmines 50 144,121
goldmines 50 99,175
goldmines 50 187,117
goldmines 50 82,45
goldmines 50 183,126
goldmines 50 189,28
goldmines 50 166,7
goldmines 50 48,68
goldmines 50 167,45
goldmines 50 157,88
goldmines 50 91,19
goldmines 50 63,175
goldmines 50 52,32
goldmines 50 6,191
goldmines 50 98,162
goldmines 50 104,25
goldmines 50 125,133
goldmines 50 113,130
goldmines 50 97,144
goldmines 50 51,166
goldmines 50 11,2
goldmines 50 9,157
goldmines 50 67,84
goldmines 50 85,22
goldmines 50 106,150
goldmines 50 109,169
goldmines 50 10,8
goldmines 50 37,188
goldmines 50 84,48
goldmines 50 110,103
goldmines 50 109,110
goldmines 50 113,184

woods 50 29,174
woods 50 42,168
woods 50 34,29
woods 50 106,53
woods 50 182,173
woods 50 190,106
woods 50 64,117
woods 50 187,37
woods 50 108,197
woods 50 47,182
woods 50 71,105
woods 50 43,162
woods 50 148,41
woods 50 79,133
woods 50 115,27
woods 50 19,67
woods 50 115,126
woods 50 143,186
woods 50 108,188
woods 50 11,89
woods 50 157,167
woods 50 176,69
woods 50 70,136
woods 50 62,14
woods 50 159,101
woods 50 130,147
woods 50 18,15
woods 50 89,192
woods 50 48,8
woods 50 171,135
woods 50 110,147
woods 50 186,5
woods 50 68,51
woods 50 124,77
woods 50 184,123
woods 50 132,171
woods 50 19,90
woods 50 101,21
woods 50 117,13
woods 50 191,109
woods 50 6,165
woods 50 67,165
woods 50 49,7
woods 50 6,194
woods 50 141,152
woods 50 15,111
woods 50 187,156
woods 50 116,177
woods 50 14,122
woods 50 129,108
woods 50 78,149
woods 50 123,121
woods 50 79,58
woods 50 37,171
woods 50 77,142
woods 50 123,29
woods 50 172,99
woods 50 162,16
woods 50 172,115
woods 50 157,196
woods 50 61,48
woods 50 162,94
woods 50 32,66
woods 50 164,96
woods 50 116,54
woods 50 135,193
woods 50 139,87
woods 50 90,115
woods 50 195,133
woods 50 33,46
woods 50 190,53
woods 50 74,175
woods 50 178,150
woods 50 184,134
woods 50 174,63
woods 50 169,59
woods 50 199,77
woods 50 105,162
woods 50 128,184
woods 50 67,88
woods 50 161,163
woods 50 3,83
woods 50 90,51
woods 50 162,198
woods 50 192,88
woods 50 27,56
woods 50 112,65
woods 50 76,135
woods 50 55,125
woods 50 124,147
woods 50 102,73
woods 50 174,2
woods 50 75,143
woods 50 122,54
woods 50 124,97
woods 50 75,83
woods 50 151,76
woods 50 97,58
woods 50 150,50
woods 50 44,113
woods 50 116,27
woods 50 157,5
woods 50 86,170
woods 50 9,55
woods 50 67,65
woods 50 163,72
woods 50 62,78
woods 50 85,55
woods 50 111,115
woods 50 104,65
woods 50 131,96
woods 50 142,5
woods 50 193,156
woods 50 167,26
woods 50 75,102
woods 50 54,79
woods 50 21,16
woods 50 81,45
woods 50 123,76
woods 50 178,138
woods 50 131,102
woods 50 81,181
woods 50 71,183
woods 50 119,74
woods 50 59,31
woods 50 54,146
woods 50 85,169
woods 50 13,107
woods 50 77,7
woods 50 186,79
woods 50 108,41
woods 50 151,136
woods 50 59,186
woods 50 86,32
woods 50 19,198
woods 50 27,188
woods 50 183,135
woods 50 8,197
woods 50 136,155
woods 50 115,189
woods 50 119,75
woods 50 139,166
woods 50 134,75
woods 50 54,193
woods 50 69,193
woods 50 89,185
woods 50 68,7
woods 50 58,129
woods 50 186,127
woods 50 134,156
woods 50 23,182
woods 50 86,184
woods 50 115,94
woods 50 179,126
woods 50 131,118
woods 50 192,22
woods 50 59,113
woods 50 46,90
woods 50 84,143
woods 50 122,119
woods 50 96,139
woods 50 16,132
woods 50 97,188
woods 50 194,30
woods 50 50,166
woods 50 19,64
woods 50 198,128
woods 50 106,149
woods 50 83,58
woods 50 75,137
woods 50 71,57
woods 50 70,41
woods 50 169,165
woods 50 49,18
woods 50 69,62
woods 50 64,47
woods 50 52,98
woods 50 44,82
woods 50 162,8
woods 50 97,127
woods 50 114,55
woods 50 162,72
woods 50 67,47
woods 50 33,6
woods 50 163,152
woods 50 123,119
woods 50 38,95
woods 50 83,132
woods 50 194,155
woods 50 18,156
woods 50 176,39
woods 50 59,127
woods 50 72,17
woods 50 122,38
woods 50 109,48
woods 50 123,4
woods 50 186,50
woods 50 39,172
woods 50 29,52
woods 50 145,175
woods 50 45,76
woods 50 25,147
woods 50 54,99
woods 50 170,172
woods 50 14,9
woods 50 61,104
woods 50 98,32
woods 50 76,178
woods 50 125,22
woods 50 175,108
woods 50 89,155
woods 50 35,65
woods 50 113,181
woods 50 83,128
woods 50 144,44
woods 50 46,112
woods 50 104,85
woods 50 47,142
woods 50 165,191
woods 50 102,83
woods 50 72,148
woods 50 170,192
woods 50 62,8
woods 50 13,198
woods 50 39,159
woods 50 47,103
woods 50 89,119
woods 50 134,183
woods 50 119,69
woods 50 195,4
woods 50 36,109
woods 50 129,112
woods 50 124,189
woods 50 154,163
woods 50 11,41
woods 50 151,48
woods 50 69,196
woods 50 89,113
woods 50 37,64
woods 50 104,151
woods 50 74,86
woods 50 107,191
woods 50 71,112
woods 50 117,68
woods 50 94,83
woods 50 95,44
woods 50 57,49
woods 50 84,28
woods 50 136,95
woods 50 73,192
woods 50 142,102
woods 50 157,65
woods 50 116,31
woods 50 111,182
woods 50 52,199
woods 50 78,14
woods 50 172,179
woods 50 66,82
woods 50 126,128
woods 50 69,44
woods 50 111,25
woods 50 29,51
woods 50 148,128
woods 50 88,19
woods 50 172,50
woods 50 26,194
woods 50 92,66
woods 50 10,79
woods 50 81,130
woods 50 10,195
woods 50 158,102
woods 50 77,43
woods 50 59,137
woods 50 114,54
woods 50 88,169
woods 50 157,30
woods 50 78,144
woods 50 188,4
woods 50 82,195
woods 50 136,103
woods 50 87,168
woods 50 67,198
woods 50 87,9
woods 50 108,4
woods 50 152,106
woods 50 41,173
woods 50 81,150
woods 50 93,127
woods 50 125,97
woods 50 27,113
woods 50 78,159
woods 50 141,123
woods 50 134,126
woods 50 83,189
woods 50 139,163
woods 50 52,167
woods 50 187,135
woods 50 149,176
woods 50 29,104
woods 50 76,104
woods 50 44,28
woods 50 31,51
woods 50 49,61
woods 50 114,150
woods 50 155,124
woods 50 149,44
woods 50 123,110
woods 50 115,93
woods 50 96,198
woods 50 48,39
woods 50 124,24
woods 50 106,50
woods 50 116,58
woods 50 192,170
woods 50 199,85
woods 50 62,51
woods 50 198,21
woods 50 82,131
woods 50 127,118
woods 50 142,9
woods 50 3,58
woods 50 66,39
woods 50 130,17
woods 50 83,10
woods 50 93,30
woods 50 163,182
woods 50 95,37
woods 50 169,62
woods 50 98,166
woods 50 39,96
woods 50 96,192
woods 50 63,4
woods 50 64,154
woods 50 48,45
woods 50 190,113
woods 50 76,185
woods 50 42,185
woods 50 176,171
woods 50 30,143
woods 50 8,187
woods 50 150,56
woods 50 112,83
woods 50 187,42
woods 50 25,117
woods 50 166,147
woods 50 139,189
woods 50 167,87
woods 50 22,191
woods 50 123,2
woods 50 138,182
woods 50 136,11
woods 50 168,129
woods 50 67,167
woods 50 65,117
woods 50 126,183
woods 50 161,24
woods 50 54,186
woods 50 116,14
woods 50 108,73
woods 50 96,136
woods 50 85,181
woods 50 62,159
woods 50 108,114
woods 50 78,163
woods 50 155,118
woods 50 193,169
woods 50 91,166
woods 50 96,199
woods 50 55,33
woods 50 89,104
woods 50 47,62
woods 50 149,190
woods 50 26,8
woods 50 118,49
woods 50 135,135
woods 50 110,145
woods 50 115,32
woods 50 190,105
woods 50 192,147
woods 50 159,64
woods 50 165,12
woods 50 66,108
woods 50 95,74
woods 50 190,79
woods 50 97,193
woods 50 156,185
woods 50 155,23
woods 50 107,72
woods 50 66,196
woods 50 35,196
woods 50 77,94
woods 50 55,172
woods 50 142,166
woods 50 51,51
woods 50 163,165
woods 50 110,104
woods 50 112,166
woods 50 168,81
woods 50 179,35
woods 50 69,155
woods 50 176,184
woods 50 70,56
woods 50 155,110
woods 50 67,71
woods 50 194,68
woods 50 102,196
woods 50 195,148
woods 50 171,136
woods 50 164,3
woods 50 119,194
woods 50 189,156
woods 50 121,105
woods 50 105,112
woods 50 133,150
woods 50 177,19
woods 50 69,41
woods 50 52,3
woods 50 56,25
woods 50 38,57
woods 50 23,75
woods 50 42,150
woods 50 67,76
woods 50 107,133
woods 50 45,154
woods 50 68,183
woods 50 116,89
woods 50 47,84
woods 50 152,107
woods 50 104,10
woods 50 6,189
woods 50 92,61
woods 50 51,107
woods 50 87,134
woods 50 131,183
woods 50 41,152
woods 50 75,194
woods 50 159,72
woods 50 68,37
woods 50 164,68
woods 50 51,82
woods 50 153,14
woods 50 172,169
woods 50 116,199
woods 50 90,15
woods 50 195,156
woods 50 149,86
woods 50 117,174
woods 50 33,133
woods 50 142,175
woods 50 46,65
woods 50 133,117
woods 50 138,190
woods 50 147,119
woods 50 148,101
woods 50 155,31
woods 50 59,109
woods 50 16,189
woods 50 37,137
woods 50 166,190
woods 50 114,138
woods 50 106,36
woods 50 158,163
woods 50 141,104
woods 50 196,26
woods 50 44,56
woods 50 127,75
woods 50 17,9
woods 50 57,168
woods 50 28,44
woods 50 22,36
woods 50 125,108
woods 50 127,113
woods 50 94,29
woods 50 193,87
woods 50 131,89
woods 50 50,104
woods 50 27,143
woods 50 46,168
woods 50 90,56
woods 50 119,73
woods 50 198,145
woods 50 195,98
woods 50 77,29
woods 50 133,172
woods 50 105,5
woods 50 95,133
woods 50 49,9

nb_meadows_by_square 1
global_population_limit 200

nb_players_min 2
nb_players_max 4

starting_squares 20,20 20,180 180,20 180,180
starting_units townhall house peasant
starting_resources 100 100
